1 2 3 6 7 8 13 14
1 2 5 10 11 12 13 14
2 3 5 9 10 11 12 13 14
1 3 5 9 12 13 14
1 3 8 9 10 11 12 13 14
3 5 11 12 14
3 5 9 12 13
1 3 5 6 7 10 11 13 14
1 3 5 10 11 12 13
1 2 3 6 7 9 11 12 13 14
1 3 5 9 10 13 14
1 3 9 10 12 14
3 5 6 7 9 10 12 13 14
1 2 3 5 10 11 12 14
1 9 12 13
1 2 5 9 11 12 14
1 5 8 9 11 12 13 14
1 5 8 9 10 11 12 13
1 3 5 9 10 11 14
1 2 3 9 10 11 13 14
1 2 5 9 10 11 13 14
1 5 9 10 12 14
5 9 10 12 13 14
1 2 3 5 9 10 11 12 14
1 2 5 6 7 9 10 11 12 13 14
3 6 7 8 9 10 11 12 13 14
1 3 8 9 12 14
1 3 8 12 14
1 3 5 8 9 12 13 14
1 2 3 5 8 12 13 14
1 3 5 8 9 11 12 14
1 2 3 5 6 7 8 10 11 12 13 14
1 5 6 7 8 10 11 13
1 3 8 9 10 11 13 14
1 3 5 8 9 10 11 12 14
1 2 3 5 8 10 12 13 14
1 8 9 10 13 14
1 2 5 8 9 10 11 12 13 14
1 3 8 9 10 12 14
1 2 3 8 9 10 12 13 14
1 3 5 6 7 9 14
1 2 3 5 6 7 9 12 14
1 2 5 6 7 9 12 13
1 3 5 6 7 8 10 11 12 14
1 3 5 6 7 10 11 12 13
1 3 6 7 9 13 14
2 3 5 6 7 9 10 11 13 14
1 3 5 6 7 9 11 12 14
1 3 6 7 9 10 11 12 13
1 2 3 6 7 9 10 12 14
1 3 5 6 7 9 10 11 12 14
1 2 5 6 7 8 9 13 14
1 3 5 6 7 8 9 10 11 12 13
1 5 6 7 8 10 11 12 13 14
1 2 3 5 6 7 8 9 10 12 13 14
1 2 3 5 6 7 8 12 13 14
1 3 6 7 8 9 11 13 14
2 5 6 7 8 9 11 12 14
1 3 5 6 7 8 11 12 13 14
1 3 5 6 7 8 9 10 11 13 14
1 5 6 7 8 9 10 11 12 13 14
1 2 3 5 6 7 8 9 12 13 14
1 3 5 6 7 8 9 11 12 13 14
1 3 5 6 7 8 9 10 14
3 5 6 7 8 9 10 12 14
1 2 3 5 6 7 8 9 10 11 12 14
3 5 8 10 11 12 13 14
2 5 8 9 10 11 12 13
3 5 8 9 12 13 14
2 5 8 9 10 11 12 13 14
2 3 5 6 7 10 11 12 13 14
3 5 6 7 9 10 11 12 13 14
2 3 5 6 7 8 12 13 14
3 5 6 7 8 9 10 11 13
3 5 6 7 8 9 10 11 12 13 14
1 2 3 4 9 12 13 14
1 2 4 5 6 7 9 10 11 12 13 14
1 3 4 5 6 7 11 13 14
3 4 5 9 10 11 12 13 14
1 3 4 5 10 11 12 13
1 3 4 5 11 12 14
1 2 4 5 12 13 14
1 2 3 4 9 10 11 14
1 3 4 9 10 11 13 14
1 3 4 6 7 11 12 14
1 3 4 9 11 12 13 14
3 4 5 10 11 12 13 14
1 4 5 6 7 9 10 12 13 14
1 4 10 12 14
1 3 4 10 12 13 14
1 3 4 5 8 9 10 11 12 14
2 4 9 10 11 12 13 14
1 3 4 5 9 10 11 12 13
1 2 3 4 6 7 8 9 10 11 13
1 2 3 4 8 9 12 13 14
1 4 5 8 9 10 11 12 13 14
3 4 5 6 7 8 9 12 13 14
1 3 4 5 8 9 10 11 12 13
1 2 3 4 5 8 12 14
1 4 5 8 10 11 12 13
1 3 4 5 8 12 13 14
1 3 4 5 8 9 11 12 13 14
1 3 4 5 6 7 8 10 11 12 13 14
2 3 4 5 8 9 10 11 12 13
3 4 8 9 10 11 12 13 14
1 3 4 5 8 9 10 12 13 14
1 4 5 6 7 8 9 10 11 13 14
1 3 4 6 7 8 13 14
1 3 4 5 6 7 12
1 3 4 6 7 9 12 13
1 2 3 4 6 7 9 12 13 14
3 4 5 6 7 9 10 11 12 13
2 3 4 5 6 7 10 11 12 13 14
1 3 4 6 7 8 10 11 13 14
1 3 4 5 6 7 9 11 12 13 14
3 4 6 7 10 11 12 13 14
1 4 5 6 7 8 9 10 11 12 14
1 3 4 6 7 9 10 11 12 13 14
3 4 5 6 7 9 10 11 13 14
3 4 5 6 7 9 10 11 12 13 14
1 3 4 6 7 8 9 10 11 12 14
1 4 5 6 7 8 9 10 11 12 13 14
1 3 4 6 7 8 9 10 11 12 13 14
3 4 5 6 7 8 9 10 11 13 14
1 3 4 5 6 7 8 9 11 14
1 3 4 5 6 7 8 9 11 12 13 14
1 2 3 4 5 6 7 8 10 11 12 13
3 4 5 6 7 8 10 11 12 13 14
1 3 4 5 6 7 8 10 12 14
3 4 5 6 7 8 10 12 13 14
3 4 5 6 7 8 9 12
1 2 3 4 5 6 7 8 9 12 13
3 4 5 6 7 8 9 10 11 12 13 14
1 4 5 6 7 8 9 10 11 12 13
1 3 4 5 6 7 8 9 10 12 14
1 3 4 5 6 7 8 9 10 12 13
1 3 4 5 6 7 8 9 10 12 13 14
1 3 5 8 9 10 11 13 14
1 3 5 8 9 10 11 12 13 14
1 3 4 5 6 7 8 9 10 11 12 13
1 3 4 5 8 9 10 11 12 13 14
1 3 4 5 6 7 9 10 11 12 14
1 3 4 5 6 7 8 9 10 11 12 14
1 2 3 5 8 9 10 11 13 14
1 2 3 5 6 7 8 11 13 14
1 2 8 9 10 11 12 13 14
1 2 3 5 8 11 12 13 14
1 2 5 8 9 11 13 14
1 2 3 5 8 9 11 12 13 14
1 2 3 6 7 9 10 12 13 14
2 3 6 7 10 11 13 14
1 2 3 6 7 8 10 11 12 13 14
2 3 5 6 7 8 9 12 13 14
1 2 3 5 6 7 9 10 11 12 13
2 3 6 7 9 10 11 12 13 14
1 2 6 7 8 10 11 12 13 14
2 3 4 6 7 8 9 10 11 12 13 14
1 2 3 5 6 7 8 11 12 13 14
2 3 5 6 7 8 9 10 11 13 14
1 2 5 6 7 8 9 12 13 14
1 2 5 6 7 8 9 10 11 12 13 14
1 2 3 4 5 6 7 8 9 11 13 14
1 2 3 5 6 7 8 9 10 11 12 13
2 3 5 6 7 8 9 11 12 13 14
2 3 5 6 7 8 9 10 12 14
2 3 5 6 7 9 10 11 12 13 14
2 3 5 6 7 8 9 10 11 12 13
2 3 5 6 7 8 9 10 11 12 13 14
1 2 3 4 5 6 7 9 11 12 14
1 2 3 4 5 9 11 12 13 14
1 2 3 4 5 9 10 14
1 2 3 4 5 10 13 14
1 2 3 4 5 10 12 13 14
1 2 3 4 5 6 7 10 12 14
1 2 3 4 5 10 11 13 14
1 2 3 4 5 6 7 9 10 11 12 14
1 2 3 4 5 9 10 13 14
1 2 3 4 5 9 10 12 14
1 2 3 4 9 10 12 13 14
1 2 3 4 6 7 9 10 11 13 14
1 2 4 5 6 7 8 9 10 14
1 2 4 5 8 9 13 14
1 2 3 4 5 6 7 8 10 13 14
1 2 4 5 6 7 8 10 12 13 14
1 2 3 4 5 6 7 8 9 10 11 12 14
2 4 5 6 7 8 10 11 12 13 14
1 2 3 4 5 8 10 11 12 13 14
1 2 3 4 8 9 11 12 13 14
2 3 4 6 7 8 9 10 11 13 14
1 2 4 8 9 10 11 12 13 14
1 2 3 4 5 8 9 10 12 13 14
1 2 3 4 5 6 7 9 11 12 13 14
1 2 3 4 5 6 7 9 10 11 12 13
1 2 3 4 5 6 7 9 10 13 14
1 2 3 4 5 6 7 9 10 12
1 2 3 4 5 6 7 9 10 12 13 14
1 2 3 4 5 6 7 8 9 12 13 14
2 4 5 6 7 8 9 11 12 13
1 2 3 4 5 6 7 8 11 12 13 14
1 2 4 5 6 7 8 9 10 11 13 14
2 4 5 6 7 8 9 10 11 12 13 14
1 2 3 4 5 6 7 8 9 11 12 14
1 2 3 4 5 6 7 8 9 11 12 13 14
1 2 3 4 5 6 7 8 9 10 12 13 14
1 2 3 4 5 6 7 8 9 10 11 12 13
1 2 3 4 5 8 9 10 11 12 14
1 2 3 4 5 9 10 11 12 13 14
1 2 3 4 5 8 9 10 11 12 13 14
1 2 3 4 5 6 7 9 10 11 12 13 14
1 2 3 4 5 6 7 8 10 11 12 13 14
2 3 4 5 9 12 14
2 3 4 5 9 10 11 12 13 14
1 2 3 4 5 6 7 9 10 11 13 14
2 3 4 5 8 12 13 14
2 3 4 5 8 9 10 11 12 13 14
1 2 3 4 5 6 7 8 10 11 13 14
1 2 3 4 5 8 9 10 11 13 14
2 3 4 5 6 7 9 12
2 3 4 5 6 7 9 10 12 14
2 3 4 5 6 7 9 10 11 12 13
2 3 4 5 6 7 8 9 10 13 14
2 3 4 5 6 7 9 12 13 14
2 3 4 5 6 7 8 9 10 11 12 13 14
1 2 3 4 5 6 7 8 9 10 11 14
1 2 3 4 5 6 7 8 9 10 11 13 14
1 3 5 6 7 9 10 11 12 13 14
1 2 3 5 6 7 8 9 10 11 12 13 14
1 3 5 6 7 8 9 10 11 12 13 14
1 3 4 5 6 7 9 10 11 13 14
1 3 4 5 6 7 8 9 10 11 12 13 14
1 2 3 6 7 9 10 11 12 13 14
1 2 3 6 7 8 9 10 11 12 13 14
1 2 3 4 6 7 8 9 10 11 12 14
1 2 3 4 6 7 8 10 11 12 13 14
1 2 3 4 6 7 8 9 10 11 12 13
1 2 3 4 6 7 8 9 10 11 12 13 14
1 2 4 6 7 8 10 11 12 14
1 2 4 5 6 7 8 10 11 12 13 14
1 2 4 5 6 7 8 9 12 13 14
1 2 4 5 6 7 8 9 10 11 12 13
1 2 4 5 6 7 8 9 10 11 12 13 14
1 2 3 4 5 6 7 8 9 10 11 12 13 14
0 1 2 3 5 6 7 9 11 12 13 14
0 1 3 5 6 7 10 11 12 13 14
0 2 3 8 9 10 11 12 13 14
0 1 3 5 6 7 13 14
0 1 3 5 6 7 12 13
0 1 3 4 6 7 9 10 12 13 14
0 1 2 5 10 11 12 13
0 1 5 12 13 14
0 1 3 5 8 9 11
0 1 2 4 5 9 10 11 12 13 14
0 3 5 9 10 11 13
0 1 2 8 9 10 11 13 14
0 1 3 5 9 11 12 14
0 1 3 9 10
0 1 3 5 10 14
0 1 3 5 9 10 12 14
0 1 3 9 10 11 12 14
0 1 2 3 9 12 13
0 1 3 4 5 6 7 8 9 10 11 12 13 14
0 3 5 9 10 11 12 13
0 1 3 5 8 12 13 14
0 1 3 5 8 9 14
0 1 3 8 9 10 11 12 13
0 5 6 7 8 9 10 11 12 13 14
0 1 3 5 8 9 10 12 14
0 1 3 5 8 10 11 12 13
0 1 2 3 5 8 9 10 11 12 14
0 2 3 5 8 11 12 13
0 1 2 3 4 8 10 11 12 13 14
0 1 3 5 8 11 12 13 14
0 3 5 8 10 12 13
0 1 2 3 5 8 9 10 12 13 14
0 1 2 3 4 5 6 7 8 9 12 13 14
0 2 3 4 5 8 9 11 12 13 14
0 1 5 6 7
0 1 2 3 5 6 7 12 14
0 1 2 3 5 6 7 9 10 11 12 13
0 1 3 6 7 9 10 11 12 13 14
0 1 2 6 7 10 11 13 14
0 1 3 5 6 7 11 12 14
0 1 3 5 6 7 10 12 14
0 3 5 6 7 10 11 12
0 1 3 6 7 9 10 11 14
0 1 3 5 6 7 9 10 11 12 14
0 1 3 5 6 7 9 13 14
0 1 6 7 9 10 11 13 14
0 1 2 3 5 6 7 8 9 10 12 14
0 1 2 3 4 6 7 8 9 10 11 12 13 14
0 1 2 3 5 6 7 8 10 11 12 13 14
0 1 3 6 7 8 13 14
0 1 3 6 7 8 10 11 12 13
0 1 2 3 5 6 7 8 11 12 13 14
0 6 7 8 9 10 11 13
0 1 3 5 6 7 8 11 12
0 3 6 7 8 10 14
0 1 2 3 4 5 6 7 8 9 10 12 13 14
0 1 2 3 6 7 8 9 10 13 14
0 1 2 3 4 6 7 8 9 12 13
0 1 3 5 6 7 8 9 10 11 12 13
0 1 2 3 6 7 8 9 11 12 13 14
0 1 2 3 5 9 10 11 13 14
0 1 2 3 5 8 13
0 3 5 8 10 11 13 14
0 1 2 3 5 8 9 10 11 12 13 14
0 1 3 5 8 9 13
0 1 5 8 9 10 13 14
0 1 3 5 8 9 10 11 13 14
0 1 3 5 6 7 9 10 11 14
0 3 5 6 7 10 11 13 14
0 1 3 5 6 7 9 11 13 14
0 3 5 6 7 9 10 13 14
0 1 2 3 5 6 7 9 10 11 12 13 14
0 1 5 6 7 9 10 11 13
0 1 3 5 6 7 8 9 10 14
0 1 3 5 6 7 8 9 11 12 13 14
0 1 2 3 4 5 9 11 13 14
0 1 3 4 6 7 12 14
0 3 4 5 9 10 11 12 13
0 1 3 4 9 10 11 14
0 3 4 10 11 12 13 14
0 1 2 4 10 11 13 14
0 1 3 4 5 10 12 14
0 2 3 4 5 9 12 14
0 3 4 5 9 10 11 12 13 14
0 1 3 4 9 10 11 13 14
0 1 2 3 4 5 9 10 12 14
0 1 2 3 4 5 6 7 8 9 12 14
0 1 4 5 6 7 8 9 10 11 12 13 14
0 2 3 4 5 6 7 8 9 10 12 13 14
0 1 3 4 5 6 7 8 9 10 11 12 13
0 3 4 5 8 10 11 12 13 14
0 1 3 4 6 7 8 9 13
0 1 2 3 4 5 8 9 10 11 12 13
0 1 3 4 5 8 9 10 11 12 13 14
0 3 4 5 8 9 10 11 12 13 14
0 1 3 4 5 6 7 8 12 13
0 1 3 4 6 7 8 10 12 13 14
0 2 3 4 5 6 7 8 9 10 11 12 13 14
0 1 3 4 5 6 7 10 11 12 13 14
0 1 3 4 5 6 7 8 9 11 12 13 14
0 1 3 4 5 6 7 9 10 11 12 13 14
0 1 3 4 5 6 7 8 10 11 12 13 14
0 1 2 3 4 5 10 11 13 14
0 1 2 3 4 5 8 13
0 1 2 3 6 7 9 10 11 13
0 1 3 5 6 7 8 9 10 11 12 13 14
0 1 2 5 8 9 10 11 12 13
0 1 2 5 8 10 11 12 13 14
0 1 2 4 8 9 10 11 12 13 14
0 1 2 5 6 7 10 11 12 13 14
0 1 2 5 6 7 9 11
0 1 2 3 5 6 7 11 12 14
0 1 2 3 5 6 7 10 11 12 14
0 1 2 5 6 7 8 9 10 11 12 13 14
0 1 2 3 5 6 7 9 11 13 14
0 2 3 5 6 7 9 11 12 14
0 1 2 3 5 6 7 8 10 11 12 13
0 1 2 3 5 6 7 8 9 10 11 12 13
0 1 2 3 5 8 14
0 1 2 3 5 6 7 8 9 14
0 2 3 5 6 7 9 10 14
0 1 2 3 5 6 7 9 10 13 14
0 2 3 5 6 7 10 11 13 14
0 1 2 3 5 6 7 8 9 11 12 13 14
0 1 2 3 4 9 10 13 14
0 1 2 3 4 9 10 11 13 14
0 1 2 4 5 6 7 8 10 11 12 13 14
0 1 2 3 4 5 6 7 9 10 11 12 13 14
0 1 2 3 4 5 6 7 9 10 11 12 13
0 1 2 3 4 5 6 7 11 12 13 14
0 1 2 4 5 6 7 9 10 11 12 13 14
0 1 2 3 4 5 6 7 9 11 12 13 14
0 2 3 4 5 6 7 8 10 11 12 13
0 1 2 3 4 5 8 9 10 12 13 14
0 1 2 3 4 5 8 10 11 12 13 14
0 1 2 4 5 8 9 12 13
0 1 2 4 5 8 9 10 11 12 13 14
0 1 2 3 8 9 10 11 13 14
0 1 2 3 5 6 7 8 9 10 11 12 13 14
0 1 2 3 4 5 9 10 11 12 13 14
0 1 2 3 4 5 8 9 10 11 12 13 14
0 1 2 3 4 5 6 7 10 11 12 13 14
0 1 2 3 4 5 6 7 8 10 11 12 13 14
0 1 2 3 4 5 6 7 8 9 10 12 13
0 1 2 3 4 5 6 7 8 9 10 11 12 13
0 1 3 5 6 7 10 11 13 14
