
26 28 29
29
27
22 25 26 27 28 29
26 27 28 29
22 25 27 29
22 25 27
23 24 26 28 29
15 22 23 24 25 26 27 28 29
22 23 24 25 26 27 28 29
15 23 24 26 27 28 29
21
21 29
21 27
21 23 24 26 28 29
21 26 28 29
21 22 25 27
19 20
19 20 29
19 20 22 25 27
19 20 27
15 19 20 23 24 26 28 29
19 20 26 28 29
19 20 23 24 26 28 29
19 20 21
18
18 29
18 27
18 23 24 26 28 29
18 26 28 29
18 22 25 27
18 21
18 19 20
17
17 23 24 26 28 29
17 29
17 22 25 27
17 27
17 26 28 29
17 21
17 19 20
17 18
16
16 29
16 27
16 23 24 26 28 29
16 26 28 29
16 22 25 27
16 21
16 19 20
16 18
16 17
15 21 23 24 26 28 29
15 18 23 24 26 28 29
15 17 23 24 26 28 29
15 16 23 24 26 28 29
14
14 23 24 26 28 29
14 26 28 29
14 29
14 27
14 27 29
14 22 25 27
14 21
14 19 20
14 18
14 17
14 16
14 15 23 24 26 28 29
13
13 15 23 24 26 28 29
13 26 28 29
13 29
13 22 25 27
13 27
13 23 24 26 28 29
13 21
13 19 20
13 18
13 17
13 16
13 14
12
12 15 23 24 26 28 29
12 26 28 29
12 29
12 22 25 27
12 27
12 23 24 26 28 29
12 21
12 19 20
12 18
12 17
12 16
12 14
12 13 22 25 27
12 13
12 13 27
11
11 26 28 29
11 29
11 22 25 27
11 27
11 27 29
11 23 24 26 28 29
11 21
11 19 20
11 18
11 17
11 16
11 15 23 24 26 28 29
11 14
11 13
11 12
10
10 26 28 29
10 29
10 27
10 23 24 26 28 29
10 22 25 27
10 21
10 19 20
10 18
10 17
10 16
10 15 23 24 26 28 29
10 14
10 13
10 12
10 11
9
9 29
9 22 25 27
9 27
9 26 28 29
9 15 23 24 26 28 29
9 23 24 26 28 29
9 21
9 19 20
9 18
9 17
9 16
9 14
9 13
9 12
9 12 27
9 11
9 10
8
8 23 24 26 28 29
8 26 28 29
8 29
8 27
8 22 25 27
8 21
8 19 20
8 18
8 17
8 16
8 15 23 24 26 28 29
8 14
8 13
8 12
8 11
8 10
8 9
7
7 15 23 24 26 28 29
7 29
7 22 25 27
7 27
7 23 24 26 28 29
7 26 28 29
7 21
7 19 20
7 18
7 17
7 16
7 14
7 13
7 12
7 11
7 10
7 9
7 8
6
6 29
6 22 25 27
6 27
6 26 28 29
6 15 23 24 26 28 29
6 23 24 26 28 29
6 21
6 19 20
6 18
6 17
6 16
6 14
6 13
6 12
6 11
6 10
6 9
6 8
6 7
5
5 29
5 22 25 27
5 27
5 23 24 26 28 29
5 26 28 29
5 21
5 19 20
5 18
5 17
5 16
5 15 23 24 26 28 29
5 14
5 13
5 12
5 11
5 10
5 9
5 8
5 7
5 6
4
4 29
4 27
4 26 28 29
4 23 24 26 28 29
4 22 25 27
4 21
4 19 20
4 18
4 17
4 16
4 15 23 24 26 28 29
4 14
4 13
4 12
4 11
4 10
4 9
4 8
4 7
4 6
4 5
3
3 29
3 22 25 27
3 27
3 15 23 24 26 28 29
3 23 24 26 28 29
3 26 28 29
3 21
3 19 20
3 18
3 17
3 16
3 14
3 13
3 12
3 11
3 10
3 9
3 8
3 7
3 6
3 5
3 4
2
2 15 23 24 26 28 29
2 29
2 27
2 26 28 29
2 23 24 26 28 29
2 22 25 27
2 21
2 19 20
2 18
2 17
2 16
2 14
2 13
2 12
2 11
2 10
2 9
2 8
2 7
2 6
2 5
2 4
2 3
1
1 29
1 22 25 27
1 27
1 26 28 29
1 23 24 26 28 29
1 21
1 19 20
1 18
1 17
1 16
1 15 23 24 26 28 29
1 14
1 13
1 12
1 11
1 10
1 9
1 8
1 7
1 6
1 5
1 4
1 3
1 2
0
0 29
0 22 25 27
0 27
0 26 28 29
0 23 24 26 28 29
0 21
0 19 20
0 18
0 17
0 16
0 15 23 24 26 28 29
0 14
0 13
0 12
0 11
0 10
0 9
0 8
0 7
0 6
0 5
0 4
0 3
0 2
0 1
