8 9 10 11 12 13 14 15 18
8 10 11 12 14 15 18
9 11 12 13 14 18
8 9 12 14 15 18
10 11 12 15 18
9 11 14 15 18

8 10 11 12 13 14 15 18
5 8 10 12 13 15 18
8 12 13 14 15 18
8 11 13 14 15 18
11 12 13 14 15 18
9 11 13 15 18
3 8 9 10 11 12 13 15 18
3 8 9 10 11 13 15 18
6 8 9 10 11 12 13 14 18
9 10 11 12 13 14 15 18
9 10 12 13 14 15 18
9 10 11 14 15 18
8 10 11 13 14 15 18
8 9 10 11 13 14 15 18
9 11 12 13 14 15 18
8 9 11 12 15 18
9 11 12 14 15 18
8 9 10 11 12 14 15 18
8 9 11 12 13 14 18
8 11 12 14 15 18
8 11 12 13 14 15 18
8 9 10 12 14 15 18
8 10 13 14 15 18
4 8 9 10 12 13 14 15 18
8 9 11 12 13 14 15 18
6 8 9 11 12 13 14 15 18
6 8 11 12 13 14 15 18
6 8 9 10 11 12 15 18
6 9 11 12 14 15 18
6 9 12 14 15 18
6 10 11 15 18
6 11 14 15 18
6 8 10 11 12 13 15 18
6 11 12 13 14 15 18
6 13 14 15 18
6 8 10 12 13 14 15 18
6 8 11 13 14 15 18
5 6 9 10 11 14 15 18
6 9 10 11 12 14 15 18
6 8 10 11 12 14 15 18
6 9 10 11 12 13 14 15 18
6 10 13 14 15 18
6 8 10 11 13 14 15 18
6 8 10 11 12 13 14 15 18
6 8 9 10 12 13 14 15 18
6 8 9 11 13 14 15 18
6 9 11 12 13 15 18
6 8 9 10 11 13 15 18
6 9 10 11 13 14 15 18
5 6 8 9 10 11 12 13 15 18
3 6 8 9 10 11 12 14 18
6 8 9 11 12 14 15 18
6 8 9 10 11 13 14 15 18
2 3 4 6 8 9 10 11 12 14 15 18
6 8 9 10 11 12 14 15 18
6 8 9 10 11 12 13 14 15 18
5 8 9 11 14 15 18
5 8 9 10 11 12 13 14 18
2 3 5 12 13 14 15 18
5 8 10 11 12 14 15 18
5 6 8 10 11 13 15 18
5 8 10 11 13 14 15 18
5 10 11 12 13 14 15 18
5 11 13 14 15 18
5 8 9 11 12 13 14 15 18
5 8 10 12 13 14 15 18
5 6 8 9 10 12 13 14 15 18
2 3 5 8 9 10 11 13 14 15 18
5 9 11 12 13 14 15 18
5 9 10 11 12 14 15 18
5 9 10 11 12 13 14 15 18
5 8 10 11 12 13 14 15 18
5 8 9 11 12 14 15 18
5 8 9 10 12 14 15 18
5 8 9 10 11 12 13 14 15 18
5 8 9 10 11 12 14 15 18
3 5 6 8 9 11 12 14 18
5 6 8 9 11 14 15 18
5 6 8 10 11 12 14 15 18
5 6 8 9 10 11 12 13 14 18
5 6 8 11 12 13 14 15 18
5 6 10 11 12 13 14 15 18
2 3 5 6 8 11 13 14 15 18
5 6 8 9 10 11 13 14 15 18
5 6 9 11 12 13 15 18
5 6 9 10 11 12 13 14 15 18
5 6 8 9 11 12 13 14 18
5 6 8 9 11 12 13 14 15 18
2 3 5 6 8 9 11 12 14 15 18
5 6 8 9 10 11 12 14 15 18
5 6 8 10 11 12 13 14 15 18
5 6 8 9 10 11 12 13 14 15 18
4 6 8 11 12 13 15 18
4 9 10 14 15 18
4 12 13 14 15 18
4 9 11 12 14 18
4 5 9 11 12 13 14 18
4 8 10 13 14 15 18
4 8 10 11 14 15 18
4 10 11 12 13 14 15 18
4 9 11 12 14 15 18
4 8 9 11 13 14 15 18
4 11 12 13 14 15 18
4 8 9 10 11 12 13 15 18
4 9 10 11 12 13 14 18
4 8 10 11 13 14 15 18
4 9 10 11 12 13 14 15 18
4 8 9 11 12 13 14 15 18
4 6 8 9 10 11 13 14 15 18
4 8 10 11 12 14 18
4 8 9 12 13 14 18
4 8 11 12 14 15 18
4 8 10 12 13 14 15 18
4 8 9 11 12 13 14 18
4 8 10 11 12 13 14 15 18
4 8 10 12 13 14 18
4 8 9 10 11 12 13 14 18
4 8 9 10 11 12 13 14 15 18
2 3 4 5 6 8 12 14 15 18
4 6 10 11 12 13 14 15 18
4 6 8 9 10 11 12 14 18
4 5 6 8 9 10 12 13 14 15 18
4 6 10 11 12 13 14 18
4 6 9 12 13 14 15 18
4 6 9 11 12 13 14 15 18
4 6 8 9 10 11 12 13 15 18
4 6 9 10 11 12 13 14 18
4 6 9 10 11 12 13 14 15 18
4 6 8 9 10 11 12 13 14 18
4 6 8 9 11 12 13 14 15 18
4 6 8 10 11 12 13 14 15 18
4 6 8 9 10 11 12 13 14 15 18
4 5 8 9 10 11 15 18
4 5 6 9 11 12 14 15 18
4 5 8 9 10 11 13 14 15 18
0 1 4 5 9 11 12 13 15 18
4 5 8 10 11 12 13 14 15 18
4 5 9 11 12 13 14 15 18
4 5 9 10 11 12 13 14 15 18
4 5 8 9 10 11 12 13 14 18
4 5 8 9 10 11 12 14 15 18
4 5 8 10 11 12 13 15 18
4 5 9 10 11 12 13 15 18
4 5 8 12 13 14 15 18
4 5 8 11 12 14 15 18
4 5 8 11 12 13 14 15 18
4 5 8 9 11 12 14 15 18
3 4 5 8 9 10 11 12 13 15 18
4 5 8 9 11 12 13 14 15 18
2 3 4 5 7 8 9 10 11 12 13 14 15 18
1 4 5 8 9 10 11 12 13 14 15 18
3 4 5 6 8 9 11 12 14 18
4 5 6 8 9 10 11 14 15 18
4 5 6 11 12 15 18
4 5 6 9 10 11 12 13 14 15 18
4 5 6 9 11 12 13 14 15 18
4 5 6 11 12 13 14 15 18
4 5 6 10 11 12 14 15 18
4 5 6 8 9 10 11 12 15 18
4 5 6 8 10 11 12 13 14 15 18
2 3 4 5 6 9 10 11 12 14 15 18
4 5 6 8 11 12 13 14 15 18
4 5 6 8 9 10 11 12 14 15 18
2 3 4 5 6 8 9 11 12 13 14 15 18
4 5 6 8 9 10 11 12 13 14 15 18
3 5 6 9 10 11 12 14 15 18
2 3 8 12 13 14 18
3 6 8 9 10 11 12 13 14 15 18
2 3 11 12 13 14 15 18
3 8 9 10 11 12 13 18
3 6 8 9 11 12 13 14 18
2 3 8 10 11 12 13 14 15 18
2 3 6 8 10 12 14 15 18
2 3 10 11 12 13 14 15 18
3 9 10 12 13 14 15 18
3 6 9 10 11 12 13 14 18
2 3 4 5 9 11 12 13 14 15 18
3 6 9 10 11 12 13 14 15 18
2 3 8 10 13 14 15 18
2 3 8 10 12 13 15 18
2 3 8 12 13 14 15 18
2 3 6 8 9 10 11 12 13 14 18
3 8 10 12 13 14 15 18
2 3 8 9 10 12 14 15 18
2 3 8 9 10 12 13 14 15 18
2 3 6 8 10 11 12 13 15 18
2 3 6 8 10 12 13 15 18
3 6 8 12 13 14 15 18
2 3 6 8 11 12 14 15 18
2 3 6 8 11 12 13 14 15 18
2 3 6 8 9 10 11 14 15 18
2 3 6 8 10 11 13 14 15 18
3 6 8 9 10 12 13 14 15 18
2 3 5 6 8 10 11 12 13 14 15 18
3 6 8 9 11 12 15 18
2 3 5 6 8 9 11 13 14 15 18
2 3 6 8 9 10 11 12 13 18
3 6 8 9 10 11 12 13 15 18
2 3 6 8 9 10 11 13 14 15 18
2 3 5 8 9 11 12 13 14 18
3 5 8 9 10 11 12 13 14 15 18
2 3 5 8 9 10 11 12 14 18
3 5 8 10 12 14 15 18
2 3 5 6 8 9 10 11 12 13 14 18
2 3 5 8 9 10 12 13 14 15 18
2 3 5 10 11 12 13 14 15 18
3 5 9 10 11 12 13 18
3 5 6 9 10 11 12 13 14 15 18
2 3 5 8 10 11 12 14 15 18
2 3 5 8 9 10 11 14 15 18
3 5 8 9 10 11 12 15 18
3 5 8 9 10 11 12 14 15 18
2 3 5 6 9 10 11 12 15 18
2 3 5 6 8 10 12 13 15 18
3 5 6 8 9 10 11 13 15 18
2 3 5 6 8 10 11 14 15 18
3 5 6 8 10 12 14 15 18
2 3 5 6 10 11 13 14 15 18
3 5 6 8 9 10 11 14 15 18
2 3 5 6 9 10 11 13 14 15 18
3 5 6 8 9 10 11 12 13 14 15 18
2 3 5 6 8 9 10 11 12 15 18
2 3 5 6 8 10 11 13 14 15 18
3 5 6 8 10 11 12 14 15 18
2 3 5 6 8 9 10 11 12 14 15 18
3 4 8 11 14 15 18
2 3 4 6 9 10 11 12 13 14 15 18
2 3 4 8 9 10 11 13 14 15 18
2 3 4 8 9 12 13 14 15 18
3 4 6 8 11 12 13 15 18
3 4 8 9 11 12 13 14 18
2 3 4 8 11 12 13 14 15 18
3 4 6 8 9 10 11 12 13 14 15 18
0 2 3 4 8 10 11 12 13 14 15 18
2 3 4 8 9 10 12 13 14 15 18
2 3 4 8 9 10 11 12 14 18
3 4 8 9 10 11 12 13 14 18
2 3 4 6 8 10 12 13 14 15 18
3 4 6 8 11 12 14 15 18
2 3 4 6 8 10 11 12 13 14 15 18
2 3 4 6 8 9 10 11 12 13 15 18
3 4 6 8 9 10 11 12 14 18
3 4 6 9 10 12 13 14 15 18
3 4 5 6 8 9 10 11 12 13 14 15 18
2 3 4 5 8 10 11 12 13 14 15 18
3 4 5 8 9 11 12 13 14 18
2 3 4 5 9 10 11 12 13 14 15 18
2 3 4 5 9 12 14 15 18
2 3 4 5 8 9 11 12 14 15 18
2 3 4 5 8 9 10 11 12 14 15 18
2 3 4 5 6 8 9 10 11 12 14 15 18
2 8 10 11 12 13 14 15 18
2 8 9 10 11 12 13 14 15 18
2 5 6 8 11 12 14 15 18
2 6 11 12 13 14 15 18
2 5 6 8 9 10 11 12 14 15 18
2 6 8 10 11 12 13 14 15 18
2 3 6 9 14 15 18
2 3 6 8 9 10 12 14 15 18
2 5 8 9 11 12 13 14 15 18
2 3 5 8 10 11 12 13 15 18
2 5 8 10 11 12 13 14 15 18
2 3 5 8 9 10 11 12 13 15 18
2 3 8 9 11 12 13 14 15 18
2 3 6 9 10 11 12 13 14 15 18
2 3 8 9 10 11 12 13 14 15 18
0 2 3 5 6 7 8 9 11 12 14 18
0 2 3 6 7 8 9 11 14 15 18
2 3 7 9 10 11 12 13 14 15 18
0 2 3 5 7 8 11 12 14 15 18
0 2 3 5 7 8 9 11 15 18
2 3 6 7 8 12 13 14 15 18
2 3 7 8 12 13 15 18
0 2 3 6 7 8 9 10 11 12 15 18
0 2 3 5 7 8 10 11 12 14 15 18
2 3 6 7 8 10 12 15 18
0 2 3 4 6 7 8 9 10 11 12 14 18
2 3 7 8 10 11 12 13 14 15 18
0 2 3 6 7 9 11 12 14 15 18
0 2 3 7 8 9 10 11 12 14 15 18
2 3 7 8 11 12 13 14 15 18
0 2 3 6 7 8 9 11 12 14 15 18
2 3 7 8 9 10 11 12 13 14 15 18
2 3 5 6 8 9 10 11 12 13 14 15 18
2 3 6 8 9 10 11 12 13 14 15 18
2 3 5 7 9 10 11 12 13 14 15 18
0 2 3 5 7 8 9 11 12 14 15 18
0 2 3 5 7 8 9 10 11 12 14 15 18
2 3 5 6 9 10 11 12 13 14 18
2 3 5 6 10 11 12 13 14 15 18
2 3 4 8 9 10 11 12 13 14 18
2 3 4 8 9 10 11 12 13 14 15 18
2 3 4 6 8 9 10 11 12 13 14 15 18
2 3 4 5 8 10 11 12 15 18
2 3 4 5 11 12 13 15 18
2 3 4 5 8 9 10 11 12 15 18
2 3 4 5 6 8 9 10 11 12 13 14 15 18
1 4 8 9 10 11 12 13 14 15 18
1 8 10 12 13 14 15 18
1 8 11 12 13 14 15 18
1 8 10 11 12 15 18
1 9 11 13 14 15 18
1 8 9 10 11 12 13 14 18
1 4 9 11 12 14 15 18
1 9 10 11 12 13 14 15 18
1 8 10 13 14 15 18
1 8 10 12 14 15 18
1 8 9 10 11 12 13 15 18
1 8 10 11 13 14 15 18
1 6 9 10 11 12 14 18
1 8 10 11 12 14 15 18
1 8 10 11 12 13 14 15 18
1 8 9 10 12 13 14 15 18
1 8 9 11 12 13 14 15 18
1 9 10 13 15 18
1 8 9 10 12 14 15 18
1 9 10 11 13 14 15 18
1 4 9 10 11 12 14 15 18
1 8 9 11 13 14 15 18
1 8 9 10 11 14 18
1 8 9 10 11 14 15 18
1 8 9 11 12 14 15 18
1 4 8 9 10 11 13 14 15 18
1 8 9 10 11 12 13 14 15 18
1 8 9 10 11 12 14 18
1 6 8 9 11 12 13 14 15 18
1 4 6 10 12 13 14 15 18
1 6 8 9 11 12 13 15 18
1 6 8 9 11 13 14 15 18
1 3 6 11 12 13 14 15 18
1 6 8 10 11 12 14 15 18
1 6 9 11 12 13 14 18
1 6 8 9 10 11 12 13 15 18
1 6 8 9 10 11 13 14 15 18
1 6 8 9 10 11 12 13 14 18
1 6 8 9 10 11 12 13 14 15 18
1 6 10 11 12 13 14 15 18
1 6 9 12 13 14 15 18
1 6 9 10 11 12 13 14 15 18
1 6 8 9 12 13 14 15 18
1 6 8 10 11 12 13 14 15 18
1 3 6 8 9 10 11 12 14 18
1 4 5 8 9 10 12 13 14 15 18
1 5 8 10 11 13 14 15 18
1 5 6 8 9 11 12 14 18
1 5 8 9 11 12 14 15 18
1 5 11 12 13 14 15 18
1 3 5 8 9 10 11 12 13 14 18
1 5 8 10 11 12 14 15 18
1 5 8 10 11 12 13 15 18
1 5 10 11 12 13 14 15 18
1 5 8 9 11 13 14 15 18
1 5 9 11 12 13 14 15 18
1 2 3 5 6 8 9 10 11 12 13 14 15 18
1 5 6 8 9 10 11 13 15 18
1 5 9 10 11 12 13 14 15 18
1 5 8 9 10 11 13 14 15 18
1 5 8 9 10 11 12 13 15 18
1 5 8 11 12 13 14 15 18
1 5 8 10 11 12 13 14 15 18
1 5 8 9 11 12 13 15 18
1 5 8 9 11 12 13 14 15 18
1 5 6 10 11 12 13 14 15 18
1 5 6 8 11 12 13 14 15 18
1 5 6 9 11 13 14 15 18
1 5 6 8 10 11 12 13 14 15 18
1 4 8 10 14 18
1 4 8 11 13 14 15 18
1 4 9 11 12 14 18
1 4 8 9 11 12 13 14 15 18
1 4 5 9 10 11 12 13 14 15 18
1 4 10 11 12 13 14 15 18
1 4 6 10 11 12 13 15 18
1 4 8 9 10 11 12 13 15 18
1 4 8 10 11 12 13 14 15 18
1 4 8 9 11 12 14 18
1 4 6 8 9 11 12 13 14 15 18
1 2 3 4 6 9 11 12 13 14 15 18
1 4 6 8 9 10 11 12 13 15 18
1 4 5 8 9 11 12 13 14 15 18
0 1 2 3 5 8 12 13 14 15 18
1 3 8 9 10 11 13 14 15 18
1 2 3 11 12 13 15 18
1 3 8 11 14 15 18
1 2 3 8 10 11 12 14 15 18
1 2 3 4 8 9 10 11 12 13 14 15 18
1 2 3 9 10 13 15 18
1 2 3 8 10 11 12 13 14 15 18
1 3 8 9 10 11 12 13 15 18
1 3 9 10 11 12 13 14 15 18
1 3 5 8 10 11 12 13 14 15 18
0 1 2 3 5 6 8 11 12 13 14 15 16 17 18
1 2 3 8 9 11 12 13 14 15 18
1 3 8 9 10 11 12 13 14 15 18
1 3 6 8 9 11 12 13 14 15 18
1 2 3 6 9 10 11 12 13 14 15 18
1 3 6 9 10 11 12 13 14 15 18
1 2 3 6 8 9 10 11 12 13 14 15 18
1 3 5 6 8 9 10 11 12 13 14 15 18
1 3 5 8 9 11 12 13 15 18
1 3 5 9 11 12 13 14 15 18
1 2 3 5 8 10 11 12 13 15 18
0 1 3 5 8 9 11 12 13 14 15 18
1 2 3 8 9 11 12 13 14 18
1 2 3 8 9 11 12 13 15 18
1 2 3 6 8 9 11 12 13 14 15 18
1 2 3 5 8 11 12 13 14 15 18
0 8 12 13 14 15 18
0 9 10 11 12 13 14 18
0 8 10 13 14 15 18
0 5 10 11 12 13 14 15 18
0 8 11 13 14 15 18
0 8 10 11 12 13 15 18
0 10 12 13 14 15 18
0 8 9 10 11 14 15 18
0 8 9 10 11 13 14 15 18
0 9 12 13 14 15 18
0 9 10 11 12 13 14 15 18
0 8 9 10 12 14 15 18
0 8 9 10 11 12 13 15 18
0 8 9 10 12 13 14 15 18
0 6 8 9 11 12 13 14 18
0 8 9 11 12 13 14 15 18
0 2 3 8 9 10 11 12 13 14 18
0 8 10 11 12 14 15 18
0 8 10 11 12 13 14 15 18
0 8 9 10 11 12 13 14 15 18
0 6 10 11 12 13 14 15 18
0 6 8 11 13 14 15 18
0 6 9 10 11 12 14 15 18
0 6 9 10 11 12 13 14 15 18
0 6 8 9 11 12 13 14 15 18
0 5 6 8 10 11 12 13 14 15 18
0 6 8 10 11 12 14 15 18
0 6 8 10 11 12 13 14 15 18
0 6 8 9 10 11 12 14 15 18
0 3 6 8 9 10 11 12 15 18
0 5 9 10 11 13 14 15 18
0 5 8 10 12 13 14 15 18
0 5 10 11 12 13 15 18
0 5 9 12 14 15 18
0 5 9 10 12 13 14 15 18
0 5 8 9 10 11 12 13 14 15 18
0 1 5 9 11 12 13 14 15 18
0 5 9 10 11 12 14 15 18
0 5 8 11 13 14 15 18
0 3 5 8 11 12 13 15 18
0 5 8 9 11 14 15 18
0 2 3 5 6 7 8 9 11 12 14 15 18
0 5 6 11 12 13 14 15 18
0 2 3 4 12 14 15 18
0 4 11 12 14 15 18
0 4 8 10 11 12 13 14 18
0 4 8 10 12 13 15 18
0 4 9 10 11 12 14 15 18
0 2 3 4 8 9 11 12 14 15 18
0 4 8 11 12 13 14 15 18
0 4 8 9 10 11 12 13 14 15 18
0 2 3 9 10 11 12 13 14 15 18
0 2 3 8 10 11 14 15 18
0 3 8 10 11 12 14 15 18
0 1 3 8 9 10 11 12 13 15 18
0 3 8 9 10 11 12 13 14 15 18
0 2 3 6 8 10 11 12 14 15 18
0 2 3 5 11 12 13 14 15 18
0 2 3 5 7 9 10 11 12 14 15 18
0 2 3 5 8 9 10 11 12 13 14 15 18
0 2 3 8 9 11 12 13 14 15 18
0 2 3 8 9 10 11 12 13 14 15 18
0 2 3 7 8 9 10 11 12 13 14 15 18
0 2 3 6 8 9 11 12 14 15 18
0 2 3 5 8 9 11 12 13 14 15 18
0 1 8 10 11 12 13 14 15 18
0 1 10 11 12 13 14 15 18
0 1 8 9 11 12 13 14 15 18
